SiO2	Al2O3	Na2O	MgO	K2O	MnO	CaO	TiO2	FeO	Cr2O3	X	Y
45.96	34.02	1.77	0.03	0.01	0.02	18.06	0.01	0.45	0.02	6.2693	6.1502
46.18	33.48	1.81	0.03	0.01	0.00	17.71	0.03	0.45	0.00	6.3110	6.2230
47.39	32.76	2.22	0.05	0.02	0.01	17.05	0.01	0.51	0.03	6.3526	6.2958
44.37	34.83	0.96	0.03	0.02	0.00	19.24	0.00	0.50	0.00	6.3943	6.3686
44.50	34.46	1.07	0.03	0.01	0.00	19.10	0.00	0.51	0.00	6.5610	6.6598
44.44	34.72	1.01	0.02	0.00	0.00	19.17	0.00	0.47	0.03	6.6026	6.7326
45.47	33.82	1.42	0.03	0.01	0.02	18.44	0.01	0.47	0.00	6.6443	6.8054
44.61	34.56	1.03	0.02	0.01	0.01	19.15	0.01	0.46	0.00	6.6859	6.8782
44.77	34.23	1.16	0.03	0.00	0.02	18.90	0.03	0.47	0.00	6.7276	6.9510
44.50	34.70	0.96	0.02	0.00	0.00	19.27	0.00	0.45	0.02	6.7693	7.0238
44.15	35.04	0.88	0.02	0.01	0.00	19.53	0.00	0.43	0.00	6.8109	7.0966
52.14	29.26	4.46	0.08	0.04	0.00	13.02	0.02	0.64	0.00	5.6867	9.7506
44.69	34.51	1.11	0.02	0.00	0.01	19.12	0.01	0.51	0.02	5.6828	9.8311
44.47	34.40	1.06	0.02	0.00	0.00	19.13	0.02	0.45	0.00	5.6789	9.9116
44.85	33.04	1.48	0.04	0.01	0.00	18.15	0.00	0.46	0.00	5.6750	9.9921
46.95	33.16	2.10	0.03	0.01	0.01	17.23	0.02	0.61	0.00	5.6711	10.0726
46.68	33.57	1.98	0.04	0.01	0.02	17.51	0.01	0.39	0.00	5.6672	10.1531
47.45	32.96	2.30	0.03	0.02	0.03	16.92	0.01	0.53	0.01	5.6594	10.3141
46.37	33.58	1.87	0.03	0.00	0.01	17.77	0.01	0.52	0.01	5.6555	10.3946
46.80	33.63	1.96	0.04	0.01	0.00	17.59	0.02	0.47	0.01	5.6516	10.4751
51.76	1.36	0.03	22.95	0.01	0.90	1.29	0.19	21.97	0.02	7.5729	7.5307
51.75	1.26	0.02	22.89	0.00	0.89	1.21	0.13	21.84	0.02	7.5676	7.6052
51.73	1.31	0.01	22.72	0.00	0.82	1.26	0.16	22.16	0.00	7.5569	7.7541
51.83	1.07	0.03	22.19	0.00	1.02	1.40	0.14	22.68	0.00	7.5516	7.8286
51.99	0.95	0.02	21.86	0.00	1.05	1.46	0.17	23.62	0.02	7.5463	7.9031
51.82	0.87	0.02	21.85	0.01	1.03	1.48	0.15	23.21	0.01	7.5410	7.9776
52.54	1.03	0.02	23.37	0.01	0.87	1.62	0.14	21.47	0.00	7.5356	8.0520
51.10	1.01	0.03	22.15	0.00	1.02	1.43	0.16	22.35	0.00	7.5303	8.1265
51.70	1.26	0.02	22.14	0.00	0.97	1.63	0.16	21.97	0.00	0.2714	12.1085
52.10	0.94	0.02	22.46	0.00	0.98	1.44	0.15	22.66	0.00	0.2711	12.0891
51.85	0.92	0.02	22.21	0.00	1.03	1.45	0.15	23.07	0.02	0.2709	12.0697
51.98	0.82	0.02	21.94	0.00	1.05	1.44	0.14	22.91	0.02	0.2706	12.0502
51.77	0.91	0.02	21.81	0.00	1.09	1.45	0.15	23.47	0.00	0.2703	12.0308
52.25	0.70	0.01	22.03	0.00	1.10	1.44	0.12	23.00	0.03	0.2700	12.0114
51.56	0.92	0.02	21.82	0.00	1.02	1.47	0.16	23.49	0.00	0.2698	11.9920
51.75	0.89	0.02	21.79	0.00	1.10	1.44	0.14	23.32	0.00	0.2695	11.9725
51.81	1.30	0.02	22.57	0.00	0.95	1.42	0.27	22.32	0.00	0.2692	11.9531
0.10	3.58	0.01	2.00	0.00	0.56	0.02	10.42	81.91	0.01	1.5779	10.8227
0.09	3.51	0.00	1.94	0.01	0.60	0.01	10.85	81.72	0.00	1.5471	10.7998
0.08	3.55	0.00	1.90	0.00	0.62	0.00	10.93	81.87	0.00	1.5163	10.7770
0.08	3.55	0.00	1.93	0.00	0.60	0.00	10.92	81.84	0.01	1.4855	10.7541
0.08	3.58	0.01	2.03	0.01	0.58	0.03	10.53	81.91	0.01	1.4546	10.7312
0.08	3.60	0.00	1.96	0.00	0.61	0.00	10.83	82.17	0.01	1.4238	10.7083
0.09	3.63	0.00	1.92	0.00	0.57	0.02	10.72	82.00	0.02	1.3930	10.6855
0.09	3.73	0.00	2.03	0.01	0.60	0.03	10.05	81.91	0.00	0.8063	8.1572
0.12	3.71	0.00	1.99	0.00	0.62	0.00	10.41	81.97	0.00	0.8187	8.1406
0.08	3.80	0.00	1.93	0.01	0.52	0.00	10.43	82.21	0.00	0.8434	8.1075
0.08	3.78	0.02	1.92	0.00	0.62	0.01	10.55	82.01	0.04	0.8558	8.0909
0.07	3.82	0.00	1.94	0.00	0.57	0.00	10.40	81.37	0.01	0.8681	8.0743
0.10	3.72	0.00	1.93	0.01	0.58	0.00	10.51	82.05	0.00	0.8805	8.0577
0.09	3.76	0.02	1.94	0.00	0.55	0.00	10.51	82.24	0.01	0.8929	8.0411
0.09	3.76	0.00	1.98	0.00	0.59	0.00	10.46	81.57	0.01	0.9052	8.0245
0.08	3.76	0.01	1.95	0.00	0.58	0.01	10.49	82.22	0.01	0.9176	8.0080
0.09	3.73	0.01	1.98	0.00	0.60	0.00	10.51	81.61	0.00	0.9300	7.9914
0.10	3.86	0.00	1.98	0.00	0.58	0.00	10.49	81.33	0.02	0.9423	7.9748
0.16	3.69	0.00	1.98	0.00	0.62	0.02	10.04	80.90	0.00	0.9547	7.9582